list1 <- list(a=123, b="2", c="3")
